4.000825799999999788e+01 -1.118098920000000049e+02 2.000000000000000000e+02 -4.501277981284049212e-02 -1.473672807616089979e-02 -3.179459957334057618e-02 2.481484000000000023e+01
4.000825900000000246e+01 -1.118098449999999957e+02 2.000000000000000000e+02 -3.776507439772212177e-02 4.175208427053637289e-02 3.014881619232443605e-02 2.481484000000000023e+01
4.000826599999999900e+01 -1.118095409999999958e+02 2.000000000000000000e+02 -3.729151163975985561e-02 3.104157474710258699e-02 1.121720429694161858e-02 2.481484000000000023e+01
4.000827300000000264e+01 -1.118092359999999985e+02 2.000000000000000000e+02 -2.547355268211394519e-02 4.967430977749198728e-02 3.171396221718088965e-02 2.481484000000000023e+01
4.000828099999999665e+01 -1.118089319999999987e+02 2.000000000000000000e+02 -3.998508553143678701e-02 -2.859266075557609713e-03 2.523827502741271545e-02 2.481484000000000023e+01
4.000828800000000030e+01 -1.118086270000000013e+02 2.000000000000000000e+02 1.949686596224387003e-02 2.147348180263619621e-02 2.554439843904167395e-02 2.481484000000000023e+01
4.000829499999999683e+01 -1.118083230000000015e+02 2.000000000000000000e+02 -1.132487854507012795e-02 -1.740625722507603904e-02 2.000358593788105488e-02 2.481484000000000023e+01
4.000830200000000048e+01 -1.118080180000000041e+02 2.000000000000000000e+02 -3.753421153822034118e-02 2.979468996598605424e-02 1.373362709811695205e-02 2.481484000000000023e+01
4.000831000000000159e+01 -1.118077140000000043e+02 2.000000000000000000e+02 2.130444821994198490e-02 -2.256098635246740758e-02 -4.137094149972360413e-02 2.481484000000000023e+01
4.000831699999999813e+01 -1.118074090000000069e+02 2.000000000000000000e+02 -2.613198006237177351e-02 -3.356870929149966681e-02 -1.123937446850650258e-02 2.481484000000000023e+01
4.000832400000000177e+01 -1.118071050000000071e+02 2.000000000000000000e+02 1.508038616364262320e-02 2.297385187009103394e-02 2.879809515397098452e-02 2.481484000000000023e+01
4.000833200000000289e+01 -1.118067999999999955e+02 2.000000000000000000e+02 7.148971157545170110e-03 -2.157937314714561058e-02 2.984852439255638798e-02 2.481484000000000023e+01
4.000833899999999943e+01 -1.118064959999999957e+02 2.000000000000000000e+02 -9.357784317840211682e-03 -1.065370781820473975e-03 4.383470763570562062e-02 2.481484000000000023e+01
4.000834600000000307e+01 -1.118061909999999983e+02 2.000000000000000000e+02 -8.836558720237142062e-04 -4.067752379769751236e-03 -7.958908539391218104e-03 2.481484000000000023e+01
4.000834799999999802e+01 -1.118061170000000004e+02 2.000000000000000000e+02 3.274184577620885966e-02 -3.569816232047366006e-02 -2.838024372727467048e-02 2.481484000000000023e+01
4.000786399999999787e+01 -1.118061090000000064e+02 2.000000000000000000e+02 4.929574369157380120e-02 -3.577024473139200911e-02 -4.249197548745682618e-02 2.481484000000000023e+01
4.000785799999999881e+01 -1.118063669999999945e+02 2.000000000000000000e+02 1.213914369817475913e-02 -2.451679273683328442e-02 1.824588085556235958e-02 2.481484000000000023e+01
4.000785100000000227e+01 -1.118066709999999944e+02 2.000000000000000000e+02 4.439983003243737347e-02 1.030957125942946230e-02 3.137079608368840283e-02 2.481484000000000023e+01
4.000784300000000115e+01 -1.118069760000000059e+02 2.000000000000000000e+02 2.573830901542141503e-02 2.336801154361052568e-02 3.023598514382190919e-02 2.481484000000000023e+01
4.000783599999999751e+01 -1.118072800000000058e+02 2.000000000000000000e+02 -6.590400517684458399e-03 4.416036524692476539e-02 -3.259413618169071380e-02 2.481484000000000023e+01
4.000782900000000097e+01 -1.118075850000000031e+02 2.000000000000000000e+02 3.551360253498769826e-02 -2.039641706006766267e-02 -4.311569472228735794e-02 2.481484000000000023e+01
4.000782099999999986e+01 -1.118078890000000030e+02 2.000000000000000000e+02 1.330751094874065357e-02 -4.101874946988624121e-02 -4.927508400254892312e-02 2.481484000000000023e+01
4.000781400000000332e+01 -1.118081940000000003e+02 2.000000000000000000e+02 -1.355663600191704503e-02 3.426595375872354670e-03 -1.681270737433982051e-03 2.481484000000000023e+01
4.000780699999999968e+01 -1.118084980000000002e+02 2.000000000000000000e+02 4.747695481825515984e-02 -4.016446509267532217e-02 -4.120143357382217986e-02 2.481484000000000023e+01
4.000780000000000314e+01 -1.118088029999999975e+02 2.000000000000000000e+02 3.497178563177666399e-02 -3.243319409266170322e-02 3.322064312019582660e-02 2.481484000000000023e+01
4.000779200000000202e+01 -1.118091069999999974e+02 2.000000000000000000e+02 -1.683374156787199524e-02 -1.678521919143988184e-02 -1.167524043469674380e-02 2.481484000000000023e+01
4.000778499999999838e+01 -1.118094119999999947e+02 2.000000000000000000e+02 1.062261070038576088e-02 3.682635035644026694e-02 2.870533487965819600e-02 2.481484000000000023e+01
4.000777800000000184e+01 -1.118097159999999946e+02 2.000000000000000000e+02 3.668010322443374799e-02 -4.742281552357095059e-02 -3.873031091811818434e-03 2.481484000000000023e+01
4.000777099999999820e+01 -1.118099930000000057e+02 2.000000000000000000e+02 3.697242645369137881e-02 -3.731258760939284297e-02 -1.790431241116562447e-02 2.481484000000000023e+01
4.000728500000000309e+01 -1.118100940000000065e+02 2.000000000000000000e+02 4.179525584775525826e-02 4.527689948639453121e-02 4.203331304956836600e-02 2.481484000000000023e+01
4.000729199999999963e+01 -1.118098009999999931e+02 2.000000000000000000e+02 -1.637748393820027612e-02 4.742636792734208906e-02 4.215316219728209440e-02 2.481484000000000023e+01
4.000729900000000328e+01 -1.118094959999999958e+02 2.000000000000000000e+02 4.670551963477057728e-02 1.239513823003615157e-02 4.510672089668221925e-03 2.481484000000000023e+01
4.000730599999999981e+01 -1.118091919999999959e+02 2.000000000000000000e+02 -1.189337833291326252e-02 -3.842879105722612348e-02 -4.902815981045131194e-02 2.481484000000000023e+01
4.000731300000000346e+01 -1.118088869999999986e+02 2.000000000000000000e+02 4.036025796393866161e-02 -2.097664775466845637e-03 -4.167228559555217343e-02 2.481484000000000023e+01
4.000732099999999747e+01 -1.118085829999999987e+02 2.000000000000000000e+02 4.175231627481600788e-02 -4.961770685348174809e-02 3.516452589012114549e-02 2.481484000000000023e+01
4.000732800000000111e+01 -1.118082780000000014e+02 2.000000000000000000e+02 7.262048765113693870e-03 -4.247486640113158629e-02 3.578617948222496958e-02 2.481484000000000023e+01
4.000733499999999765e+01 -1.118079740000000015e+02 2.000000000000000000e+02 1.962550256725408351e-02 2.937532136463871964e-03 3.586216542812923486e-02 2.481484000000000023e+01
4.000734299999999877e+01 -1.118076700000000017e+02 2.000000000000000000e+02 8.548741426209793479e-03 4.947711143368599407e-02 3.281568668239654048e-03 2.481484000000000023e+01
4.000735000000000241e+01 -1.118073650000000043e+02 2.000000000000000000e+02 -3.594766621234638665e-02 -3.472218756046754201e-02 -3.669516366353794273e-02 2.481484000000000023e+01
4.000735699999999895e+01 -1.118070610000000045e+02 2.000000000000000000e+02 -2.926115582051991293e-02 3.502500510244006826e-02 -1.501889485282242864e-02 2.481484000000000023e+01
4.000736400000000259e+01 -1.118067559999999929e+02 2.000000000000000000e+02 2.436492877675792285e-02 4.939663543801663809e-02 -2.760817478967407881e-02 2.481484000000000023e+01
4.000737199999999660e+01 -1.118064519999999931e+02 2.000000000000000000e+02 1.635065637691809556e-02 -4.608166730392570382e-02 4.252619875304837482e-02 2.481484000000000023e+01
4.000737900000000025e+01 -1.118061469999999957e+02 2.000000000000000000e+02 -2.926670348510036768e-02 1.058070009704777971e-02 -4.157246004855057880e-02 2.481484000000000023e+01
4.000737999999999772e+01 -1.118061009999999982e+02 2.000000000000000000e+02 -2.395672780000970489e-02 -2.586886525553911201e-03 4.944258454067786135e-02 2.481484000000000023e+01
4.000689599999999757e+01 -1.118060930000000042e+02 2.000000000000000000e+02 5.046883101353816670e-04 -4.404529822973694136e-02 -3.826497059336347178e-02 2.481484000000000023e+01
4.000688999999999851e+01 -1.118063269999999960e+02 2.000000000000000000e+02 2.944672366890697252e-02 -7.806801861764556781e-03 -6.395003527580156444e-03 2.481484000000000023e+01
4.000688300000000197e+01 -1.118066319999999934e+02 2.000000000000000000e+02 -2.358185607600488121e-02 3.522584384230244975e-02 4.310259572423980057e-03 2.481484000000000023e+01
4.000687599999999833e+01 -1.118069359999999932e+02 2.000000000000000000e+02 -1.719617864120126516e-02 -3.640503731861425424e-02 1.602295591320604048e-02 2.481484000000000023e+01
4.000686900000000179e+01 -1.118072410000000048e+02 2.000000000000000000e+02 -3.023892499637324122e-02 -4.960111758857366215e-02 4.550810347269032552e-02 2.481484000000000023e+01
4.000686100000000067e+01 -1.118075450000000046e+02 2.000000000000000000e+02 2.068036765330159149e-02 8.264919914575475160e-03 -4.236810259988965828e-03 2.481484000000000023e+01
4.000685399999999703e+01 -1.118078500000000020e+02 2.000000000000000000e+02 -2.769858337227625381e-02 4.475126113703942372e-03 -6.775834503815691967e-03 2.481484000000000023e+01
4.000684700000000049e+01 -1.118081379999999996e+02 2.000000000000000000e+02 -5.124274284981256318e-03 4.590228250706498980e-02 4.424169034513643350e-02 2.481484000000000023e+01
