QGC WPL 110
0	1	0	16	0	0	0	0	40.010269	-111.804825	1455	1
1	0	3	22	0.00000000	0.00000000	0.00000000	0.00000000	0.00000000	0.00000000	200.000000	1
2	0	3	115	0.000000	0.000000	0.000000	0.000000	0.000000	0.000000	0.000000	1
3	0	3	16	1.000000	0.000000	0.000000	0.000000	40.010269	-111.804825	200.000000	1
4	0	3	203	0.000000	0.000000	0.000000	0.000000	1.000000	0.000000	0.000000	1
4	0	3	16	1.000000	0.000000	0.000000	0.000000	40.009796	-111.805434	200.000000	1
5	0	3	203	0.000000	0.000000	0.000000	0.000000	1.000000	0.000000	0.000000	1
5	0	3	16	1.000000	0.000000	0.000000	0.000000	40.010108	-111.805438	200.000000	1
6	0	3	203	0.000000	0.000000	0.000000	0.000000	1.000000	0.000000	0.000000	1
6	0	3	16	1.000000	0.000000	0.000000	0.000000	40.010106	-111.805746	200.000000	1
7	0	3	203	0.000000	0.000000	0.000000	0.000000	1.000000	0.000000	0.000000	1
7	0	3	16	1.000000	0.000000	0.000000	0.000000	40.010098	-111.806976	200.000000	1
8	0	3	203	0.000000	0.000000	0.000000	0.000000	1.000000	0.000000	0.000000	1
8	0	3	16	1.000000	0.000000	0.000000	0.000000	40.010252	-111.807286	200.000000	1
9	0	3	203	0.000000	0.000000	0.000000	0.000000	1.000000	0.000000	0.000000	1
9	0	3	16	1.000000	0.000000	0.000000	0.000000	40.010095	-111.807284	200.000000	1
10	0	3	203	0.000000	0.000000	0.000000	0.000000	1.000000	0.000000	0.000000	1
10	0	3	16	1.000000	0.000000	0.000000	0.000000	40.009939	-111.807282	200.000000	1
11	0	3	203	0.000000	0.000000	0.000000	0.000000	1.000000	0.000000	0.000000	1
11	0	3	16	1.000000	0.000000	0.000000	0.000000	40.009316	-111.806967	200.000000	1
12	0	3	203	0.000000	0.000000	0.000000	0.000000	1.000000	0.000000	0.000000	1
12	0	3	16	1.000000	0.000000	0.000000	0.000000	40.006348	-111.806932	200.000000	1
13	0	3	203	0.000000	0.000000	0.000000	0.000000	1.000000	0.000000	0.000000	1
13	0	3	16	1.000000	0.000000	0.000000	0.000000	40.006660	-111.806936	200.000000	1
14	0	3	203	0.000000	0.000000	0.000000	0.000000	1.000000	0.000000	0.000000	1
14	0	3	16	1.000000	0.000000	0.000000	0.000000	40.006984	-111.805401	200.000000	1
15	0	3	203	0.000000	0.000000	0.000000	0.000000	1.000000	0.000000	0.000000	1
15	0	3	16	1.000000	0.000000	0.000000	0.000000	40.006515	-111.805396	200.000000	1
16	0	3	203	0.000000	0.000000	0.000000	0.000000	1.000000	0.000000	0.000000	1
16	0	3	16	1.000000	0.000000	0.000000	0.000000	40.006359	-111.805394	200.000000	1
17	0	3	203	0.000000	0.000000	0.000000	0.000000	1.000000	0.000000	0.000000	1
17	0	3	16	1.000000	0.000000	0.000000	0.000000	40.006519	-111.804781	200.000000	1
18	0	3	203	0.000000	0.000000	0.000000	0.000000	1.000000	0.000000	0.000000	1
18	0	3	115	45.000000	0.000000	0.000000	0.000000	0.000000	0.000000	0.000000	1
19	0	3	16	1.000000	0.000000	0.000000	0.000000	40.006346	-111.807240	200.000000	1
20	0	3	203	0.000000	0.000000	0.000000	0.000000	1.000000	0.000000	0.000000	1
20	0	3	16	1.000000	0.000000	0.000000	0.000000	40.006502	-111.807241	200.000000	1
21	0	3	203	0.000000	0.000000	0.000000	0.000000	1.000000	0.000000	0.000000	1
21	0	3	16	1.000000	0.000000	0.000000	0.000000	40.006500	-111.807549	200.000000	1
22	0	3	203	0.000000	0.000000	0.000000	0.000000	1.000000	0.000000	0.000000	1
22	0	3	16	1.000000	0.000000	0.000000	0.000000	40.007281	-111.807558	200.000000	1
23	0	3	203	0.000000	0.000000	0.000000	0.000000	1.000000	0.000000	0.000000	1
23	0	3	16	1.000000	0.000000	0.000000	0.000000	40.007283	-111.807251	200.000000	1
24	0	3	203	0.000000	0.000000	0.000000	0.000000	1.000000	0.000000	0.000000	1
24	0	3	16	1.000000	0.000000	0.000000	0.000000	40.007285	-111.806943	200.000000	1
25	0	3	203	0.000000	0.000000	0.000000	0.000000	1.000000	0.000000	0.000000	1
25	0	3	16	1.000000	0.000000	0.000000	0.000000	40.006669	-111.805705	200.000000	1
26	0	3	203	0.000000	0.000000	0.000000	0.000000	1.000000	0.000000	0.000000	1
26	0	3	16	1.000000	0.000000	0.000000	0.000000	40.007294	-111.805713	200.000000	1
27	0	3	203	0.000000	0.000000	0.000000	0.000000	1.000000	0.000000	0.000000	1
27	0	3	16	1.000000	0.000000	0.000000	0.000000	40.007296	-111.805405	200.000000	1
28	0	3	203	0.000000	0.000000	0.000000	0.000000	1.000000	0.000000	0.000000	1
28	0	3	16	1.000000	0.000000	0.000000	0.000000	40.007452	-111.805407	200.000000	1
29	0	3	203	0.000000	0.000000	0.000000	0.000000	1.000000	0.000000	0.000000	1
29	0	3	16	1.000000	0.000000	0.000000	0.000000	40.007454	-111.805099	200.000000	1
30	0	3	203	0.000000	0.000000	0.000000	0.000000	1.000000	0.000000	0.000000	1
30	0	3	16	1.000000	0.000000	0.000000	0.000000	40.007457	-111.804792	200.000000	1
31	0	3	203	0.000000	0.000000	0.000000	0.000000	1.000000	0.000000	0.000000	1
31	0	3	16	1.000000	0.000000	0.000000	0.000000	40.008704	-111.805114	200.000000	1
32	0	3	203	0.000000	0.000000	0.000000	0.000000	1.000000	0.000000	0.000000	1
32	0	3	16	1.000000	0.000000	0.000000	0.000000	40.008861	-111.805116	200.000000	1
33	0	3	203	0.000000	0.000000	0.000000	0.000000	1.000000	0.000000	0.000000	1
33	0	3	16	1.000000	0.000000	0.000000	0.000000	40.009019	-111.804810	200.000000	1
34	0	3	203	0.000000	0.000000	0.000000	0.000000	1.000000	0.000000	0.000000	1
34	0	3	16	1.000000	0.000000	0.000000	0.000000	40.009488	-111.804815	200.000000	1
35	0	3	203	0.000000	0.000000	0.000000	0.000000	1.000000	0.000000	0.000000	1
35	0	3	16	1.000000	0.000000	0.000000	0.000000	40.008702	-111.805421	200.000000	1
36	0	3	203	0.000000	0.000000	0.000000	0.000000	1.000000	0.000000	0.000000	1
36	0	3	16	1.000000	0.000000	0.000000	0.000000	40.009479	-111.806046	200.000000	1
37	0	3	203	0.000000	0.000000	0.000000	0.000000	1.000000	0.000000	0.000000	1
37	0	3	16	1.000000	0.000000	0.000000	0.000000	40.009937	-111.807589	200.000000	1
38	0	3	203	0.000000	0.000000	0.000000	0.000000	1.000000	0.000000	0.000000	1
38	0	3	115	90.000000	0.000000	0.000000	0.000000	0.000000	0.000000	0.000000	1
39	0	3	16	1.000000	0.000000	0.000000	0.000000	40.009625	-111.807586	200.000000	1
40	0	3	203	0.000000	0.000000	0.000000	0.000000	1.000000	0.000000	0.000000	1
40	0	3	16	1.000000	0.000000	0.000000	0.000000	40.009471	-111.807276	200.000000	1
41	0	3	203	0.000000	0.000000	0.000000	0.000000	1.000000	0.000000	0.000000	1
41	0	3	16	1.000000	0.000000	0.000000	0.000000	40.009160	-111.806965	200.000000	1
42	0	3	203	0.000000	0.000000	0.000000	0.000000	1.000000	0.000000	0.000000	1
42	0	3	16	1.000000	0.000000	0.000000	0.000000	40.009006	-111.806656	200.000000	1
43	0	3	203	0.000000	0.000000	0.000000	0.000000	1.000000	0.000000	0.000000	1
43	0	3	16	1.000000	0.000000	0.000000	0.000000	40.009008	-111.806348	200.000000	1
44	0	3	203	0.000000	0.000000	0.000000	0.000000	1.000000	0.000000	0.000000	1
44	0	3	16	1.000000	0.000000	0.000000	0.000000	40.008854	-111.806039	200.000000	1
45	0	3	203	0.000000	0.000000	0.000000	0.000000	1.000000	0.000000	0.000000	1
45	0	3	16	1.000000	0.000000	0.000000	0.000000	40.008700	-111.805729	200.000000	1
46	0	3	203	0.000000	0.000000	0.000000	0.000000	1.000000	0.000000	0.000000	1
46	0	3	16	1.000000	0.000000	0.000000	0.000000	40.007457	-111.804792	200.000000	1
47	0	3	203	0.000000	0.000000	0.000000	0.000000	1.000000	0.000000	0.000000	1
47	0	3	16	1.000000	0.000000	0.000000	0.000000	40.007133	-111.806326	200.000000	1
48	0	3	203	0.000000	0.000000	0.000000	0.000000	1.000000	0.000000	0.000000	1
48	0	3	16	1.000000	0.000000	0.000000	0.000000	40.007287	-111.806635	200.000000	1
49	0	3	203	0.000000	0.000000	0.000000	0.000000	1.000000	0.000000	0.000000	1
49	0	3	16	1.000000	0.000000	0.000000	0.000000	40.007285	-111.806943	200.000000	1
50	0	3	203	0.000000	0.000000	0.000000	0.000000	1.000000	0.000000	0.000000	1
50	0	3	16	1.000000	0.000000	0.000000	0.000000	40.007283	-111.807251	200.000000	1
51	0	3	203	0.000000	0.000000	0.000000	0.000000	1.000000	0.000000	0.000000	1
51	0	3	16	1.000000	0.000000	0.000000	0.000000	40.006341	-111.807855	200.000000	1
52	0	3	203	0.000000	0.000000	0.000000	0.000000	1.000000	0.000000	0.000000	1
52	0	3	115	135.000000	0.000000	0.000000	0.000000	0.000000	0.000000	0.000000	1
53	0	3	16	1.000000	0.000000	0.000000	0.000000	40.007281	-111.807558	200.000000	1
54	0	3	203	0.000000	0.000000	0.000000	0.000000	1.000000	0.000000	0.000000	1
54	0	3	16	1.000000	0.000000	0.000000	0.000000	40.007287	-111.806635	200.000000	1
55	0	3	203	0.000000	0.000000	0.000000	0.000000	1.000000	0.000000	0.000000	1
55	0	3	16	1.000000	0.000000	0.000000	0.000000	40.006665	-111.806320	200.000000	1
56	0	3	203	0.000000	0.000000	0.000000	0.000000	1.000000	0.000000	0.000000	1
56	0	3	16	1.000000	0.000000	0.000000	0.000000	40.006667	-111.806013	200.000000	1
57	0	3	203	0.000000	0.000000	0.000000	0.000000	1.000000	0.000000	0.000000	1
57	0	3	16	1.000000	0.000000	0.000000	0.000000	40.006673	-111.805090	200.000000	1
58	0	3	203	0.000000	0.000000	0.000000	0.000000	1.000000	0.000000	0.000000	1
58	0	3	16	1.000000	0.000000	0.000000	0.000000	40.007296	-111.805405	200.000000	1
59	0	3	203	0.000000	0.000000	0.000000	0.000000	1.000000	0.000000	0.000000	1
59	0	3	16	1.000000	0.000000	0.000000	0.000000	40.007454	-111.805099	200.000000	1
60	0	3	203	0.000000	0.000000	0.000000	0.000000	1.000000	0.000000	0.000000	1
60	0	3	16	1.000000	0.000000	0.000000	0.000000	40.007457	-111.804792	200.000000	1
61	0	3	203	0.000000	0.000000	0.000000	0.000000	1.000000	0.000000	0.000000	1
61	0	3	16	1.000000	0.000000	0.000000	0.000000	40.008861	-111.805116	200.000000	1
62	0	3	203	0.000000	0.000000	0.000000	0.000000	1.000000	0.000000	0.000000	1
62	0	3	16	1.000000	0.000000	0.000000	0.000000	40.008702	-111.805421	200.000000	1
63	0	3	203	0.000000	0.000000	0.000000	0.000000	1.000000	0.000000	0.000000	1
63	0	3	16	1.000000	0.000000	0.000000	0.000000	40.008700	-111.805729	200.000000	1
64	0	3	203	0.000000	0.000000	0.000000	0.000000	1.000000	0.000000	0.000000	1
64	0	3	16	1.000000	0.000000	0.000000	0.000000	40.008854	-111.806039	200.000000	1
65	0	3	203	0.000000	0.000000	0.000000	0.000000	1.000000	0.000000	0.000000	1
65	0	3	16	1.000000	0.000000	0.000000	0.000000	40.009006	-111.806656	200.000000	1
66	0	3	203	0.000000	0.000000	0.000000	0.000000	1.000000	0.000000	0.000000	1
66	0	3	16	1.000000	0.000000	0.000000	0.000000	40.009944	-111.806667	200.000000	1
67	0	3	203	0.000000	0.000000	0.000000	0.000000	1.000000	0.000000	0.000000	1
67	0	3	16	1.000000	0.000000	0.000000	0.000000	40.009950	-111.805744	200.000000	1
68	0	3	203	0.000000	0.000000	0.000000	0.000000	1.000000	0.000000	0.000000	1
68	0	3	16	1.000000	0.000000	0.000000	0.000000	40.009798	-111.805127	200.000000	1
69	0	3	203	0.000000	0.000000	0.000000	0.000000	1.000000	0.000000	0.000000	1
69	0	3	16	1.000000	0.000000	0.000000	0.000000	40.009956	-111.804821	200.000000	1
70	0	3	203	0.000000	0.000000	0.000000	0.000000	1.000000	0.000000	0.000000	1
70	0	3	20	0.00000000	0.00000000	0.00000000	0.00000000	0.00000000	0.00000000	0.000000	1
